MSE:450.9822547193394
Bias:96.49729936503772
AAPE:67.36106241965943
MAPE:96.85847435271728
PE5:16.924781922365067
PE10:21.959765609755422
PE20:26.95956433332483
