MSE:379.7767701938869
Bias:-0.4306140223428321
AAPE:75.82312874902686
MAPE:2.253083029641427
PE5:60.818044128232785
PE10:67.34172663196091
PE20:73.16151812716654
