Error metrics for put options
Train MSE: 25.546686884893166
MSE: 26.183723796635086
Bias: 7.042142382434364
AAPE: 55.834099997917065
MAPE: 21.194317876076212
PE5: 29.85173235000384
PE10: 39.34547130675271
PE20: 49.18030268110932
