Error metrics for call options
Train MSE: 138.4994002886021
MSE: 138.71051586013235
Bias: -2.502478143636199
AAPE: 62.10543579065799
MAPE: 3.419650758392793
PE5: 58.81229155198653
PE10: 69.6742544441926
PE20: 76.82058090211443
