Train MSE:118.24560288133557
MSE:118.2763704583398
Bias:72.18464293766543
AAPE:60.48913020246176
MAPE:81.00493675054506
PE5:13.516171160789737
PE10:24.444956595221633
PE20:33.69747253591457
