Train MSE:3.3898226946912926e+50
MSE:288610.30957466987
Bias:100.0
AAPE:99.97184092121203
MAPE:100.0
PE5:0.0
PE10:0.0
PE20:0.0
