Train MSE:71.01582824106028
MSE:71.06095995604923
Bias:1.7383117565781516
AAPE:24.699364770291663
MAPE:1.9930251267976318
PE5:60.37895189399174
PE10:66.37032260045757
PE20:71.78589525081763
