Error metrics for call options
Train MSE: 41.038419438116115
MSE: 40.28048535149886
Bias: 0.4084887353222373
AAPE: 55.42016820344928
MAPE: 1.3509553086871307
PE5: 65.35077617577963
PE10: 70.92757228184931
PE20: 75.72435395458105
