Error metrics for call options, regarding the ANN's test sample and respective predictions
Train MSE: 389.6796605717728
MSE: 390.4183356799357
Bias: -4.455310679644079
AAPE: 334.2129290797062
MAPE: 7.822714902174964
PE5: 42.412517082008996
PE10: 53.79335759362476
PE20: 63.25180032858876
