Error metrics for call options
Train MSE: 41.04045264141564
MSE: 40.07920007075984
Bias: 0.415074705468448
AAPE: 50.57951853466059
MAPE: 1.368442602222957
PE5: 64.86403488568489
PE10: 70.4638629139988
PE20: 75.02725444132234
