Error metrics for put options
Train MSE: 77.66580233925674
MSE: 77.74661261152266
Bias: 48.96225027135901
AAPE: 55.609059332467915
MAPE: 56.14002227783204
PE5: 16.93324114619344
PE10: 27.774448797726052
PE20: 38.070215871552584
