Error metrics for call options, regarding the ANN's test sample and respective predictions
Train MSE: 163669.90005519651
MSE: 161237.6209430272
Bias: -43.583634912495874
AAPE: 48863.93050061299
MAPE: 73.98436828883189
PE5: 3.093954888141631
PE10: 6.278502003777235
PE20: 12.666021772843829
