Error metrics for call options
Train MSE: 41.035577836238446
MSE: 40.55088894734239
Bias: 0.41179803190331016
AAPE: 48.958577518601395
MAPE: 1.3598034136364168
PE5: 65.14041795261566
PE10: 70.74638782686137
PE20: 75.4894283476899
