Error metrics for put options
Train MSE: 77.65687323872847
MSE: 78.64595812559016
Bias: 45.32052619519244
AAPE: 67.30276397693561
MAPE: 53.17328666484039
PE5: 16.848736267957285
PE10: 27.89429207958823
PE20: 38.309902435276946
